title1='taipei';
data price;
input x1 x2 x3 x4 x5 x6 x7 x8 x9 x10 x11 x12 x13 x14 y;
sqry=y**0.5;
/*rateland=x1/x2;*/
/*ratefloor=x4/x5;*/
label x1='land' /*m^2*/ x2='tland' /*m^2*/ x3='age' x4='floor' x5='tfloor' 
x6='use' /*used for Commercial and residential*/ x7='room' x8='living' x9='bath' x10='elevator'
x11='parking' x12='area1' x13='area2' x14='area3'/*area4*/ y='price' sqry='sqry price';
cards;
25.88	70.36	50.03	4	4	0	3	2	1	0	0	0	0	1	650
30.78	202.69	0.65	13	14	0	3	2	2	1	1	0	0	1	3075
40.95	225.15	13.14	10	10	0	4	2	2	1	1	0	0	1	3155
22.24	102.85	6.78	5	7	0	2	2	2	1	1	0	0	1	1150
22.81	132.16	11.14	10	14	0	2	2	1	1	1	0	0	1	1770
52.84	229.58	3.05	2	10	0	4	2	2	1	1	0	0	1	3400
14.06	189.71	11.01	13	15	0	3	2	2	1	1	0	0	1	2600
25.02	64.37	46.4	1	4	0	2	1	1	0	0	0	0	1	730
6.75	19.87	37.51	3	5	0	3	2	2	0	0	0	0	1	220
24.7	98.4	38.35	5	5	0	3	2	1	0	0	0	0	1	1105
32.22	164.26	7.93	4	10	0	3	2	2	1	1	0	0	1	2270
10.15	38.49	25.36	7	11	0	2	0	2	1	0	0	0	1	580
22.08	111.2	20.8	5	10	0	3	2	2	1	1	0	0	1	1400
54.81	247.47	0.65	2	10	0	3	2	2	1	1	0	0	1	4000
25.23	92.77	35.92	5	5	0	2	2	1	0	0	0	0	1	930
29.67	118.64	36.3	3	5	0	3	2	2	0	0	0	0	1	1630
15.3	53.59	38.19	3	5	0	3	2	2	0	0	0	0	1	573
52.82	209.95	28.72	7	11	0	4	2	2	1	1	0	0	1	2300
33.8	253.11	0.51	7	14	0	4	2	2	1	1	0	0	1	3705
56.8	128	22.65	7	17	0	3	2	2	1	1	0	0	1	1320
36.7	190.09	8.73	12	14	0	3	2	2	1	1	0	0	1	2700
23.19	45.57	20.62	10	11	0	1	0	1	1	0	0	0	1	120
26.81	86.49	38.92	2	5	0	3	2	1	0	0	0	0	1	955
33.4	91.57	39.54	4	4	0	2	2	1	0	0	0	0	1	1196
30.72	103.71	36.88	4	5	0	4	0	4	0	0	0	0	1	1430
50.12	80.17	24.22	8	10	0	2	2	1	1	0	0	0	1	1158
32.88	169.83	5.14	2	11	0	3	2	2	1	1	0	0	1	2110
24.44	119.87	24.49	4	16	0	3	2	2	1	0	0	0	1	1450
35.34	178.69	9.1	12	14	0	3	2	2	1	1	0	0	1	2503
24.93	87.97	30.81	4	5	0	3	2	1	0	0	0	0	1	1092
31	217.3	5.83	5	12	0	3	2	2	1	1	0	0	1	2566
18.56	114.05	38.63	2	5	0	3	1	2	0	0	0	0	1	1515
16.84	110.23	9.27	5	13	0	2	2	1	1	1	0	0	1	1263
17.93	230.31	11.27	3	15	0	4	2	2	1	1	0	0	1	3170
49.02	162.07	23.91	7	12	0	3	2	1	1	1	0	0	1	1480
20.13	159.77	2.05	5	15	0	3	2	2	1	1	0	0	1	2435
23.4	91.64	36.27	4	5	0	3	2	1	0	0	0	0	1	852
19.45	79.35	36.2	4	5	0	3	2	1	0	0	0	0	1	1120
22.42	76.8	36.66	4	5	0	3	2	1	0	0	0	0	1	960
17.75	20.58	12.25	6	7	0	3	2	2	1	1	0	0	1	350
70.17	128.7	22.92	3	7	0	4	2	2	1	0	0	0	1	1350
89	217.83	6.04	3	5	0	3	2	3	0	1	0	0	1	2750
73.51	120.47	22.72	9	17	0	3	2	2	1	1	0	0	1	1300
23.03	123.65	37.15	4	7	0	3	2	2	1	0	0	0	1	800
19.38	60	35.38	3	5	0	2	1	1	0	0	0	0	1	760
48.79	221.68	0.43	11	15	0	4	2	2	1	1	0	0	1	4600
10.82	134.83	25.11	5	5	0	1	1	1	0	0	0	0	1	520
31.73	115.07	35.63	5	5	0	3	2	2	0	0	0	0	1	1500
24.44	120.42	37.97	4	6	0	3	2	2	1	0	1	0	0	2130
22.3	179.55	0.65	9	16	0	3	2	2	1	1	1	0	0	4728
21.2	81.24	29.98	4	5	0	3	2	1	0	0	1	0	0	1320
10.46	58.12	5.39	8	9	0	1	1	1	1	1	1	0	0	1196
28.5	70.86	49.12	3	4	0	3	1	1	0	0	1	0	0	1135
39.63	107.12	37.31	1	5	0	3	2	1	0	0	1	0	0	2000
7.77	47.69	9.96	8	19	0	1	1	1	1	0	1	0	0	1230
44.95	172.18	20.93	6	9	0	3	2	2	1	1	1	0	0	4088
44.38	94.08	44.9	4	4	0	3	2	1	0	0	1	0	0	1500
15.22	114.3	1.68	14	14	0	3	2	2	1	0	1	0	0	2630
8.12	40.85	45.97	6	6	0	2	1	1	1	0	1	0	0	550
26.15	190.85	1.45	8	9	0	3	1	2	1	1	1	0	0	3420
26.25	157	31.98	7	7	0	4	2	2	1	0	1	0	0	3650
7.06	108.05	36.95	2	12	1	2	2	2	1	0	1	0	0	1960
25.99	108.39	32.63	5	5	0	3	2	2	0	0	1	0	0	1280
12.7	86.22	26.4	4	7	0	2	2	2	1	0	1	0	0	1625
19.83	125.11	36.27	10	12	0	3	2	2	1	0	1	0	0	2700
10.02	46.38	7.32	2	7	0	1	1	1	1	0	1	0	0	1420
29.4	87.55	32.9	4	5	0	3	1	1	0	0	1	0	0	1300
27.78	191.37	20.13	4	18	0	3	2	2	1	1	1	0	0	5900
31.4	117.19	36.2	4	5	0	3	1	1	0	0	1	0	0	1768
10.57	49.13	12.46	4	10	0	1	1	1	1	0	1	0	0	1060
34.1	156.76	34.84	1	7	0	3	2	2	1	0	1	0	0	1100
11.29	64.38	22.67	6	7	0	1	2	1	1	0	1	0	0	1238
3.94	42.99	11.15	5	18	0	1	1	1	1	0	1	0	0	1220
8.14	49.09	9.82	12	19	0	1	1	1	1	0	1	0	0	1480
17.82	169.87	30.1	8	9	1	3	2	2	1	1	1	0	0	3250
17.4	114.49	6.07	6	7	0	2	1	1	1	1	1	0	0	2550
33	108.13	47.97	4	4	0	4	4	2	0	0	1	0	0	2200
4.22	29.69	22.24	11	16	0	2	2	2	1	0	1	0	0	173
24.21	93.59	34.34	5	5	0	1	1	1	0	0	1	0	0	800
18.96	146.99	2.03	5	10	0	2	2	1	1	1	1	0	0	2336
5.36	55.21	28.75	2	7	0	1	1	1	1	0	1	0	0	900
19.37	166.64	24.68	14	16	0	4	2	2	1	0	1	0	0	3780
4.48	52.17	29.59	3	12	1	2	1	1	1	0	1	0	0	1080
29.05	108.12	29.66	2	5	0	3	2	1	0	0	1	0	0	1702
10.38	60.67	13.79	9	11	1	1	1	1	1	0	1	0	0	2300
22.67	179.55	0.87	6	16	0	3	2	2	1	1	1	0	0	4490
1.74	45.99	24.33	3	16	0	1	1	1	1	0	1	0	0	976
13.02	124.01	34.07	4	12	1	3	2	2	1	0	1	0	0	1930
7.55	76.19	22.64	2	13	1	2	1	1	1	1	1	0	0	1320
40.99	194.45	11.37	8	13	0	3	2	2	1	1	1	0	0	3330
23.71	80.46	35.61	3	5	0	2	2	1	0	0	1	0	0	1600
3.95	44.67	30.75	12	12	1	1	1	1	1	0	1	0	0	1120
15.68	145.57	32.3	9	16	0	3	2	2	1	0	1	0	0	2900
11.66	76.74	1.33	10	16	0	2	1	1	1	0	1	0	0	2518
6.12	42.29	13.75	11	11	1	1	1	1	1	0	1	0	0	1650
19.83	104.52	35.65	1	7	1	3	2	2	1	0	1	0	0	2000
7.35	108.12	4.77	8	15	0	2	1	1	1	1	1	0	0	2738
3.94	42.99	10.48	14	18	0	1	1	1	1	0	1	0	0	1300
4.86	45.83	30.08	7	11	0	1	1	1	1	0	0	0	0	800
34.27	132.99	29.39	7	9	0	4	2	2	1	0	0	0	0	3468
21.91	116.51	41.63	4	7	0	3	2	2	1	0	0	0	0	2600
14.44	57.81	26.29	2	7	0	3	1	2	1	0	0	0	0	1350
6.89	74.51	35.81	10	16	0	2	2	1	1	0	0	0	0	1500
4.85	50.28	12.53	5	13	1	2	1	1	1	0	0	0	0	1658
36.67	128.24	19.27	3	5	0	3	2	2	1	1	0	0	0	2938
44.96	147.26	29.3	2	5	0	3	2	2	0	0	0	0	0	2550
20.42	156.94	32.7	9	15	0	4	2	2	1	0	0	0	0	3300
4.49	52.44	36.1	6	15	1	1	1	1	1	0	0	0	0	873
51.53	188.09	10.53	9	11	0	3	2	2	1	0	0	0	0	4100
16.85	103.95	34.04	13	14	1	5	2	2	1	0	0	0	0	2286
7.92	132.5	35.09	14	14	1	4	2	2	1	1	0	0	0	1800
27.39	132.27	17.09	15	18	0	3	2	1	1	0	0	0	0	2510
44.24	207.63	14.4	2	14	0	3	2	2	1	1	0	0	0	4520
16.33	115.7	35.46	3	12	0	3	1	2	1	0	0	0	0	2650
26.65	125.4	38.52	6	7	0	3	2	2	1	0	0	0	0	2750
19.21	77.11	33.89	5	5	0	1	2	1	0	0	0	0	0	1350
19.31	102.71	26.69	7	12	0	3	2	2	1	0	0	0	0	2175
1.86	29.5	30.23	6	20	1	1	1	1	1	0	0	0	0	550
33.97	121.06	37.08	4	5	0	3	2	2	0	0	0	0	0	2490
8.48	38.17	28.51	3	6	0	1	1	1	1	0	0	0	0	818
31.82	137.25	42.42	1	6	0	4	2	2	1	0	0	0	0	4000
7.46	85.47	40.84	12	15	0	3	2	1	1	0	0	0	0	1605
52.08	249.31	14.6	4	13	0	4	2	2	1	0	0	0	0	4124
12.08	43.89	25.16	5	5	0	1	1	1	1	0	0	0	0	865
2.79	35.15	34.49	9	12	1	0	0	0	1	0	0	0	0	690
33.62	107.07	32.63	3	5	0	3	2	2	0	0	0	0	0	2000
36.04	158.51	17.85	9	12	0	3	2	2	1	1	0	0	0	2800
23.75	125.4	38.69	2	7	0	3	2	2	1	0	0	0	0	2276
56.25	156.19	52.58	3	4	0	3	2	2	0	0	0	0	0	2480
6.73	77.36	36.77	4	15	1	2	2	1	1	0	0	0	0	1588
19.29	82.84	47.08	6	6	0	4	2	4	1	0	0	0	0	2200
30.62	162.03	39.95	5	7	0	3	2	2	1	0	0	0	0	2930
15.82	83.01	26.46	10	12	0	2	2	1	1	1	0	0	0	1705
9.17	93.78	12.04	11	15	0	3	2	1	1	0	0	0	0	2156
8.65	112.32	34.86	15	16	0	2	2	1	1	0	0	0	0	2250
2.49	37.81	30.25	14	20	0	1	1	1	1	0	0	0	0	820
7.08	115.71	0.88	16	18	1	2	2	1	1	1	0	0	0	2650
25.8	138.09	36.29	4	7	0	3	2	2	1	0	0	0	0	3700
15.75	91.28	29.13	7	7	0	2	2	1	1	0	0	0	0	2030
9.01	32.88	11.32	3	9	0	1	1	1	1	0	0	0	0	820
5.39	23.34	39.89	5	5	0	3	2	2	0	0	0	0	0	204
39.58	125	33	4	5	0	3	2	2	0	0	0	0	0	2020
7.79	85.55	1.13	6	15	1	2	1	1	1	0	0	0	0	2639
51.75	139.7	46.98	3	4	0	4	2	2	0	0	0	0	0	3000
11.69	38.17	14.9	2	5	1	1	1	1	1	0	0	0	0	780
44.54	209.3	14.97	10	12	0	3	2	2	1	1	0	0	0	1436
21.59	105.08	33.9	3	6	0	3	2	2	1	0	0	0	0	2650
57.96	211.53	9.8	9	11	0	4	2	2	1	1	0	0	0	4450
7.17	44.4	10.04	4	12	0	1	1	1	1	0	0	1	0	1368
19.71	109.59	37.8	5	7	0	3	2	2	1	0	0	1	0	2080
17.25	47.02	49.27	4	4	0	4	0	4	0	0	0	1	0	1050
16.8	78.26	30.64	5	5	0	3	2	1	0	0	0	1	0	1560
10.97	206.51	28.49	12	27	0	4	2	2	1	1	0	1	0	4750
26.35	137.09	38.3	6	7	0	4	2	2	1	0	0	1	0	2590
9.73	31.62	30.49	3	4	0	1	1	1	1	0	0	1	0	745
5.05	81.95	23.86	10	11	1	2	1	1	1	1	0	1	0	1300
34.5	220.24	23.78	7	10	0	3	2	2	1	1	0	1	0	6288
5.77	42.31	32.24	1	14	0	1	1	1	1	0	0	1	0	1520
34.71	286.9	1.84	10	12	0	3	2	2	1	1	0	1	0	8128
29.6	81.63	39.95	2	4	0	3	2	1	0	0	0	1	0	1188
19.04	135.69	33.78	7	12	0	3	2	2	1	0	0	1	0	3520
37.37	216.07	28.87	5	6	0	4	2	2	1	1	0	1	0	4788
33.8	119.57	41.08	3	5	0	3	2	2	0	0	0	1	0	2580
4.84	60.42	37.64	12	12	0	2	2	1	1	0	0	1	0	1160
23.84	135.62	37.8	2	7	1	3	2	2	1	0	0	1	0	3280
31.34	158.96	36.81	6	7	0	3	2	1	1	0	0	1	0	1200
49.18	167.66	23.89	1	5	0	4	2	2	1	1	0	1	0	4000
29.97	286.2	4.73	4	12	0	3	2	2	1	1	0	1	0	5000
46.25	128.48	49.96	2	4	0	3	2	2	0	0	0	1	0	2900
13.57	93.5	6.73	4	7	0	2	1	1	1	1	0	1	0	2508
17.69	118.05	33.41	2	12	0	3	2	2	1	0	0	1	0	1900
24.93	64.97	49.08	4	4	0	2	0	2	0	0	0	1	0	1728
5.35	56.63	37.24	10	12	0	2	2	1	1	0	0	1	0	1585
24.96	134.43	38.1	6	7	0	4	2	2	1	0	0	1	0	3100
29.25	157.37	35.25	2	7	0	4	2	2	1	0	0	1	0	3658
23.8	86.76	35.7	4	5	0	3	2	1	0	0	0	1	0	1800
19.58	107.72	32.47	11	14	0	3	2	2	1	0	0	1	0	2358
15.6	60.25	36.5	2	5	1	2	1	1	0	0	0	1	0	1238
4.42	43.64	10.61	4	12	0	1	1	1	1	0	0	1	0	1730
14.01	182.02	2.99	7	25	0	4	1	2	1	1	0	1	0	4778
21.73	250.76	37.64	4	21	0	5	2	3	1	0	0	1	0	6908
21.8	82.33	38.28	5	5	0	2	2	1	0	0	0	1	0	1378
25.06	120.4	5.26	3	7	0	2	2	1	1	1	0	1	0	3588
31.92	117.68	37.78	4	7	0	3	2	2	1	0	0	1	0	3000
65.5	146.15	49.1	3	4	0	3	2	2	0	0	0	1	0	2800
11.63	71.1	34.34	2	19	1	1	1	1	1	0	0	1	0	1500
36.25	81.44	51.46	4	4	0	2	2	1	0	0	0	1	0	1888
13.34	62.41	10.18	6	7	0	1	1	1	1	0	0	1	0	1920
10.25	121.34	34.41	3	12	1	2	2	2	1	0	0	1	0	3000
18.96	109.05	33.1	2	7	0	4	2	2	1	0	0	1	0	2800
12.55	139.04	36.01	3	12	1	3	2	1	1	0	0	1	0	2500
22.8	178.53	2.22	2	14	0	2	2	2	1	1	0	1	0	3900
3.01	48.61	10.53	6	14	0	1	1	1	1	1	0	1	0	1060
6.6	28.75	4.83	5	7	0	1	1	1	1	0	0	1	0	1160
36.25	102.87	53.32	4	4	0	3	2	2	0	0	0	1	0	2100
3.82	36.44	22.67	7	11	1	2	1	1	1	0	0	1	0	1198
28.2	125.09	4.22	5	6	0	2	2	2	1	1	0	1	0	3800
;

proc corr data = price plots;
var sqry x1 - x14;
run;

proc sgscatter data=price;
  title "Scatterplot Matrix";
  matrix y sqrY x1-x5 X7-X9;
run;

proc gplot;
plot sqry *(x1-x14);
run;

proc reg;
model sqry=x1-x14 /vif p r dw; 
output out=all student=student rstudent=rstudent;
plot (student. rstudent. )*(x1-x14 predicted.);
plot student. * nqq./vaxis=-4 to 4 by 1 haxis=-3 to 3 by 1.0;
run;

proc univariate datat=all plot normal;
var student;
run;

proc autoreg;
model sqry=x1-x14/dwprob;
run; 
quit;
proc reg data=price;
model sqry=x1-x11 {x12-x14}/selection=backward slstay=0.1;
model sqry=x1-x11 {x12-x14}/selection=forward slentry=0.1;
model sqry=x1-x11 {x12-x14}/selection=stepwise;
model sqry=x1-x11 {x12-x14}/selection=adjrsq;
model sqry=x1-x11 {x12-x14}/selection=cp;
run;
  plot cp.*np. 
           / chocking=red  cmallows=blue 
             vaxis= 0 to 12 by 2 cframe=ligr; 
symbol1 v=dot  c=blue;
plot y*(x1-x14) / conf;
run;

proc reg;
model sqry=x2 x3 x7 x12-x14/p r  clm cli dw vif influence; 
output out=all student=student rstudent=rstudent;
plot (student. rstudent. )*(x2 x3 x7 x12-x14 predicted.);
plot student. * nqq./vaxis=-4 to 4 by 1 haxis=-3 to 3 by 1.0;
run;

proc univariate datat=all plot normal;
var student;
run;
quit;

proc reg;
model sqry=x2 x3 x7 x12-x14 ;
run;
